- Доски (Древесина)
#512=528,4
- Палки (Доски)
528,0,0,528,0,0,0,0,0=309,4
0,528,0,0,528,0,0,0,0=309,4
0,0,528,0,0,528,0,0,0=309,4
0,0,0,528,0,0,528,0,0=309,4
0,0,0,0,528,0,0,528,0=309,4
0,0,0,0,0,528,0,0,528=309,4
- Лестница (Палки)
309,0,309,309,309,309,309,0,309=83,1
-Кирка (Дерево, Булыжник, Железо, Палки)
528,528,528,0,309,0,0,309,0=352,1
519,519,519,0,309,0,0,309,0=353,1
- Топор (Дерево, Булыжник, Железо, Палки)
528,528,0,528,309,0,0,309,0=368,1
0,528,528,0,528,309,0,0,309=368,1
519,519,0,519,309,0,0,309,0=369,1
0,519,519,0,519,309,0,0,309=369,1
- Лопата (Дерево, Булыжник, Железо, Палки)
528,0,0,309,0,0,309,0,0=336,1
0,528,0,0,309,0,0,309,0=336,1
0,0,528,0,0,309,0,0,309=336,1
519,0,0,309,0,0,309,0,0=337,1
0,519,0,0,309,0,0,309,0=337,1
0,0,519,0,0,309,0,0,309=337,1
- Меч (Дерево, Булыжник, Железо, Палки)
528,0,0,528,0,0,309,0,0=320,1
0,528,0,0,528,0,0,309,0=320,1
0,0,528,0,0,528,0,0,309=320,1
519,0,0,519,0,0,309,0,0=321,1
0,519,0,0,519,0,0,309,0=321,1
0,0,519,0,0,519,0,0,309=321,1
- Лук (Палки, Нить)
0,309,264,309,0,264,0,309,264=277,1
264,309,0,264,0,309,264,309,0=277,1
- Арбуз (Арбуз)
365,365,365,365,365,365,365,365,365=537,1
#537=365,9
- Нить (Паутина)  
#11=264,4
- Факел (Уголь, Палки)
263,0,0,309,0,0,0,0,0=80,4
0,263,0,0,309,0,0,0,0=80,4
0,0,263,0,0,309,0,0,0=80,4
0,0,0,263,0,0,309,0,0=80,4
0,0,0,0,263,0,0,309,0=80,4
0,0,0,0,0,263,0,0,309=80,4
- Светильник Джека
#80,538=539,1
- Дверь (Доски)
528,528,0,528,528,0,528,528,0=299,1
0,528,528,0,528,528,0,528,528=299,1
- Миска (Доски)
528,0,528,0,528,0,0,0,0=327,1
0,0,0,528,0,528,0,528,0=327,1
- Тушеные грибы (Миска, Грибы)
#28,29,327=328,1
- Шерсть (Нить)
264,264,0,264,264,0,0,0,0=64,1
0,264,264,0,264,264,0,0,0=64,1
0,0,0,264,264,0,264,264,0=64,1
0,0,0,0,264,264,0,264,264=64,1
- Красители (Растения)
#12=350,1
#13=383,1
#350,383=431,1
#536=366,1
- Покраска шерсти (Шерсть, Краситель)
#350,64=129,1
#383,64=162,1
#431,64=210,1
#366,64=145,1


















































